00 58 32 13 58 01 02 41 23 33 73 10 30 82 12 67 98 43 30 47 77 10 95 68 45 77 73 87 31 08 06 14 30 61 87 94 01 24 91 93 59 90 03 04 59 35 95 89 72 60
58 00 14 35 03 65 53 50 94 90 54 21 78 02 75 11 54 38 93 66 58 42 76 33 35 36 57 17 00 95 40 78 48 91 15 28 23 17 37 25 04 57 85 50 08 70 34 16 55 93
32 14 00 25 69 22 56 38 93 80 57 41 84 63 42 39 17 91 49 09 10 71 81 79 31 44 44 52 12 47 14 08 03 46 98 68 53 82 28 05 02 29 05 94 53 57 99 52 97 34
13 35 25 00 39 41 43 64 68 04 64 94 27 62 62 26 45 62 21 01 41 11 83 24 92 74 27 27 90 39 56 90 90 24 57 32 66 66 51 86 91 69 48 39 49 37 67 08 74 02
58 03 69 39 00 45 71 76 99 95 60 87 05 06 57 19 16 10 38 63 18 09 19 13 59 71 83 51 78 36 71 76 91 92 52 46 58 55 19 98 46 40 78 72 83 22 75 26 64 00
01 65 22 41 45 00 27 10 59 84 25 30 90 05 35 64 60 63 40 25 69 50 71 84 82 11 10 65 79 59 92 78 57 81 26 81 47 93 07 44 76 71 04 38 79 91 29 49 17 40
02 53 56 43 71 27 00 50 47 62 99 96 87 46 77 00 39 80 81 47 31 13 47 96 65 64 11 09 02 55 79 79 76 59 80 41 74 79 36 48 93 50 97 95 65 26 41 39 51 22
41 50 38 64 76 10 50 00 37 86 44 96 29 65 39 37 00 10 11 55 85 81 57 33 61 41 87 50 96 56 24 40 22 36 26 18 72 75 48 30 60 03 48 29 02 75 97 97 02 95
23 94 93 68 99 59 47 37 00 86 79 75 10 49 69 79 70 57 19 35 85 41 65 61 49 41 87 05 11 56 90 28 35 48 58 06 45 78 27 89 85 09 14 75 29 32 90 43 83 54
33 90 80 04 95 84 62 86 86 00 10 77 89 65 65 39 76 46 63 07 30 81 10 21 00 19 99 53 08 44 94 57 88 46 43 93 42 17 00 97 78 56 01 11 68 21 18 70 62 22
73 54 57 64 60 25 99 44 79 10 00 00 64 28 43 67 48 47 19 91 52 76 58 62 82 06 08 19 98 87 31 68 26 69 90 52 17 09 69 53 68 27 38 18 63 89 45 54 04 49
10 21 41 94 87 30 96 96 75 77 00 00 12 66 38 43 49 47 73 52 84 20 01 44 37 94 04 00 32 36 10 22 81 58 38 72 54 61 91 46 15 47 05 38 88 71 31 20 76 83
30 78 84 27 05 90 87 29 10 89 64 12 00 09 96 99 85 02 63 46 38 16 65 34 45 45 48 23 62 38 58 77 94 03 39 96 32 44 38 71 40 03 23 89 85 15 24 68 25 49
82 02 63 62 06 05 46 65 49 65 28 66 09 00 94 39 72 61 17 94 21 40 34 91 25 29 04 40 40 53 61 31 53 91 20 19 71 07 28 60 67 27 16 53 14 00 93 51 41 21
12 75 42 62 57 35 77 39 69 65 43 38 96 94 00 89 95 87 93 52 23 69 55 21 43 50 16 00 47 23 46 02 86 88 98 64 40 00 50 22 22 98 95 49 62 21 66 05 70 61
67 11 39 26 19 64 00 37 79 39 67 43 99 39 89 00 29 20 56 09 55 41 04 32 61 82 50 16 17 45 97 05 88 21 56 34 35 12 89 84 33 31 26 44 01 26 18 08 17 21
98 54 17 45 16 60 39 00 70 76 48 49 85 72 95 29 00 74 93 49 02 35 83 21 82 89 48 79 62 60 95 21 25 36 79 08 93 81 31 83 89 51 77 02 08 13 96 58 22 03
43 38 91 62 10 63 80 10 57 46 47 47 02 61 87 20 74 00 37 99 38 26 22 60 80 72 12 28 12 51 33 09 65 39 86 72 15 24 97 60 93 11 85 84 53 64 35 17 12 03
30 93 49 21 38 40 81 11 19 63 19 73 63 17 93 56 93 37 00 70 56 40 81 09 69 08 92 56 86 12 24 49 83 72 80 51 20 17 38 09 97 13 04 86 99 69 81 64 38 25
47 66 09 01 63 25 47 55 35 07 91 52 46 94 52 09 49 99 70 00 26 97 13 27 44 98 53 15 09 15 58 28 86 82 23 42 01 64 58 43 44 65 84 52 74 62 56 89 74 28
77 58 10 41 18 69 31 85 85 30 52 84 38 21 23 55 02 38 56 26 00 76 97 41 96 11 51 39 61 00 60 79 27 17 52 57 14 90 55 33 10 56 31 05 60 67 89 00 06 45
10 42 71 11 09 50 13 81 41 81 76 20 16 40 69 41 35 26 40 97 76 00 93 28 49 77 31 75 31 86 47 12 04 69 19 86 97 65 25 36 00 72 82 13 52 22 33 46 35 26
95 76 81 83 19 71 47 57 65 10 58 01 65 34 55 04 83 22 81 13 97 93 00 61 76 10 96 38 67 68 05 92 75 49 54 66 36 64 58 72 23 36 85 20 08 91 63 68 43 67
68 33 79 24 13 84 96 33 61 21 62 44 34 91 21 32 21 60 09 27 41 28 61 00 72 64 76 33 04 92 28 72 63 07 85 71 31 80 95 40 47 02 39 85 47 33 47 63 68 52
45 35 31 92 59 82 65 61 49 00 82 37 45 25 43 61 82 80 69 44 96 49 76 72 00 28 89 28 10 35 05 32 18 79 37 23 15 59 36 05 23 11 51 13 71 74 77 01 59 87
77 36 44 74 71 11 64 41 41 19 06 94 45 29 50 82 89 72 08 98 11 77 10 64 28 00 06 69 65 96 60 69 59 18 57 91 37 50 79 40 90 00 69 20 55 18 97 75 38 13
73 57 44 27 83 10 11 87 87 99 08 04 48 04 16 50 48 12 92 53 51 31 96 76 89 06 00 18 78 25 19 39 82 66 82 28 64 77 08 50 46 79 18 36 68 70 77 42 16 60
87 17 52 27 51 65 09 50 05 53 19 00 23 40 00 16 79 28 56 15 39 75 38 33 28 69 18 00 00 28 14 85 08 39 27 36 76 18 80 34 16 06 42 68 15 39 67 19 12 94
31 00 12 90 78 79 02 96 11 08 98 32 62 40 47 17 62 12 86 09 61 31 67 04 10 65 78 00 00 19 21 01 46 63 95 96 88 13 00 63 19 20 43 59 98 30 37 75 02 63
08 95 47 39 36 59 55 56 56 44 87 36 38 53 23 45 60 51 12 15 00 86 68 92 35 96 25 28 19 00 60 12 13 79 05 40 45 26 14 46 68 14 98 09 75 40 17 53 45 22
06 40 14 56 71 92 79 24 90 94 31 10 58 61 46 97 95 33 24 58 60 47 05 28 05 60 19 14 21 60 00 89 75 48 08 05 87 60 00 38 50 67 52 52 32 05 12 03 27 32
14 78 08 90 76 78 79 40 28 57 68 22 77 31 02 05 21 09 49 28 79 12 92 72 32 69 39 85 01 12 89 00 36 33 81 40 22 62 10 17 44 41 39 41 51 57 86 03 19 42
30 48 03 90 91 57 76 22 35 88 26 81 94 53 86 88 25 65 83 86 27 04 75 63 18 59 82 08 46 13 75 36 00 62 85 88 35 84 81 97 09 92 98 27 57 77 34 67 01 36
61 91 46 24 92 81 59 36 48 46 69 58 03 91 88 21 36 39 72 82 17 69 49 07 79 18 66 39 63 79 48 33 62 00 58 34 93 02 88 24 18 10 34 85 69 48 54 01 45 97
87 15 98 57 52 26 80 26 58 43 90 38 39 20 98 56 79 86 80 23 52 19 54 85 37 57 82 27 95 05 08 81 85 58 00 47 25 60 56 45 46 91 50 74 35 27 51 28 20 12
94 28 68 32 46 81 41 18 06 93 52 72 96 19 64 34 08 72 51 42 57 86 66 71 23 91 28 36 96 40 05 40 88 34 47 00 58 14 94 68 17 41 24 02 44 36 28 31 91 35
01 23 53 66 58 47 74 72 45 42 17 54 32 71 40 35 93 15 20 01 14 97 36 31 15 37 64 76 88 45 87 22 35 93 25 58 00 77 94 50 47 98 43 80 45 55 06 93 99 07
24 17 82 66 55 93 79 75 78 17 09 61 44 07 00 12 81 24 17 64 90 65 64 80 59 50 77 18 13 26 60 62 84 02 60 14 77 00 88 92 24 78 10 19 36 01 53 88 85 55
91 37 28 51 19 07 36 48 27 00 69 91 38 28 50 89 31 97 38 58 55 25 58 95 36 79 08 80 00 14 00 10 81 88 56 94 94 88 00 01 04 92 89 46 22 73 03 55 82 28
93 25 05 86 98 44 48 30 89 97 53 46 71 60 22 84 83 60 09 43 33 36 72 40 05 40 50 34 63 46 38 17 97 24 45 68 50 92 01 00 93 08 25 71 25 97 42 23 70 08
59 04 02 91 46 76 93 60 85 78 68 15 40 67 22 33 89 93 97 44 10 00 23 47 23 90 46 16 19 68 50 44 09 18 46 17 47 24 04 93 00 12 92 71 28 52 74 29 30 18
90 57 29 69 40 71 50 03 09 56 27 47 03 27 98 31 51 11 13 65 56 72 36 02 11 00 79 06 20 14 67 41 92 10 91 41 98 78 92 08 12 00 96 65 48 70 07 83 40 21
03 85 05 48 78 04 97 48 14 01 38 05 23 16 95 26 77 85 04 84 31 82 85 39 51 69 18 42 43 98 52 39 98 34 50 24 43 10 89 25 92 96 00 47 43 00 36 39 49 63
04 50 94 39 72 38 95 29 75 11 18 38 89 53 49 44 02 84 86 52 05 13 20 85 13 20 36 68 59 09 52 41 27 85 74 02 80 19 46 71 71 65 47 00 08 63 16 85 52 29
59 08 53 49 83 79 65 02 29 68 63 88 85 14 62 01 08 53 99 74 60 52 08 47 71 55 68 15 98 75 32 51 57 69 35 44 45 36 22 25 28 48 43 08 00 41 68 73 76 10
35 70 57 37 22 91 26 75 32 21 89 71 15 00 21 26 13 64 69 62 67 22 91 33 74 18 70 39 30 40 05 57 77 48 27 36 55 01 73 97 52 70 00 63 41 00 61 83 75 40
95 34 99 67 75 29 41 97 90 18 45 31 24 93 66 18 96 35 81 56 89 33 63 47 77 97 77 67 37 17 12 86 34 54 51 28 06 53 03 42 74 07 36 16 68 61 00 69 86 50
89 16 52 08 26 49 39 97 43 70 54 20 68 51 05 08 58 17 64 89 00 46 68 63 01 75 42 19 75 53 03 03 67 01 28 31 93 88 55 23 29 83 39 85 73 83 69 00 50 45
72 55 97 74 64 17 51 02 83 62 04 76 25 41 70 17 22 12 38 74 06 35 43 68 59 38 16 12 02 45 27 19 01 45 20 91 99 85 82 70 30 40 49 52 76 75 86 50 00 64
60 93 34 02 00 40 22 95 54 22 49 83 49 21 61 21 03 03 25 28 45 26 67 52 87 13 60 94 63 22 32 42 36 97 12 35 07 55 28 08 18 21 63 29 10 40 50 45 64 00
